time = 0.09400000000005093
time = 0.015000000000327418
