time = 0.04700000000048021
time = 0.01599999999962165
time = 2.125
