time = 0.03099999999994907
time = 0.016000000000531145
time = 0.5
